ISS (ZARYA)             
1 25544U 98067A   23188.51662157  .00010281  00000+0  19057-3 0  9991
2 25544  51.6406 227.7630 0000247  61.6810  99.2425 15.49589703404949
AEROCUBE 12B            
1 43557U 18046D   23188.09386299  .00216520  00000+0  10727-2 0  9995
2 43557  51.6231  83.1268 0000591  90.7214 269.3856 15.80843983278858
ISS DEB                 
1 47853U 98067RZ  23187.42973471  .00023713  00000+0  20587-3 0  9995
2 47853  51.6341 200.6836 0002570  10.3972 349.7078 15.68969693131836
CSS (TIANHE)            
1 48274U 21035A   23188.01789942  .00027227  00000+0  33234-3 0  9995
2 48274  41.4748  35.4405 0008090 229.5778 130.4355 15.59800719124938
ISS (NAUKA)             
1 49044U 21066A   23172.50173489  .00015733  00000+0  28063-3 0  9998
2 49044  51.6410 307.1433 0004553  65.1884 294.9578 15.50243745402455
FREGAT DEB              
1 49271U 11037PF  23187.35510569 -.00005982  00000+0 -17604-1 0  9994
2 49271  51.6620 250.3091 0949759 118.7004 251.2618 12.04769918 93216
CSS (WENTIAN)           
1 53239U 22085A   23172.32771504  .00000141  00000+0  58996-5 0  9990
2 53239  41.4746 130.7235 0004813  98.5802 261.5581 15.59339219 51921
CSS (MENGTIAN)          
1 54216U 22143A   23172.32771504  .00000141  00000+0  58996-5 0  9991
2 54216  41.4746 130.7235 0004813  98.5802 261.5581 15.59339219 36403
TIANZHOU-5              
1 54237U 22152A   23172.32771504  .00000141  00000+0  58996-5 0  9994
2 54237  41.4746 130.7235 0004813  98.5802 261.5581 15.59339219 34606
ORCASAT                 
1 55126U 98067UT  23188.21127015  .06530574  12344-4  71165-3 0  9991
2 55126  51.6153 200.2965 0005275 302.8764  57.1753 16.36486892 29894
SPORT                   
1 55129U 98067UW  23187.09770559  .00068078  00000+0  51707-3 0  9996
2 55129  51.6298 220.8537 0001372 354.9691   5.1293 15.71676410 29517
HSKSAT                  
1 55182U 98067UZ  23187.14489742  .04572960  12217-4  80263-3 0  9993
2 55182  51.6072 206.6236 0003978 328.8940  31.1847 16.31978226 28425
OPTIMAL-1               
1 55183U 98067VA  23187.79448404  .00149162  00000+0  70844-3 0  9991
2 55183  51.6342 212.7609 0003808 354.4897   5.6063 15.81952368 28403
ISS DEB (SPX-26 IPA FSE)
1 55448U 98067VB  23188.11865449  .00037971  00000+0  41629-3 0  9997
2 55448  51.6342 221.7051 0003251 167.2395 192.8683 15.62856442 24377
PROGRESS-MS 22          
1 55560U 23018A   23172.50173489  .00015733  00000+0  28063-3 0  9997
2 55560  51.6410 307.1433 0004553  65.1884 294.9578 15.50243745402455
SOYUZ-MS 23             
1 55688U 23024A   23172.50173489  .00015733  00000+0  28063-3 0  9995
2 55688  51.6410 307.1433 0004553  65.1884 294.9578 15.50243745402456
CREW DRAGON 6           
1 55740U 23027A   23172.50173489  .00015733  00000+0  28063-3 0  9997
2 55740  51.6410 307.1433 0004553  65.1884 294.9578 15.50243745 17255
ARKSAT 1                
1 56311U 98067VC  23187.42120012  .00051351  00000+0  63810-3 0  9994
2 56311  51.6354 230.5407 0002331 103.5854 256.5399 15.59463278 11368
AURORASAT               
1 56312U 98067VD  23188.16742422  .00074471  00000+0  86921-3 0  9998
2 56312  51.6348 226.5209 0002705  73.8182 286.3109 15.60947307 11514
EX-ALTA-2               
1 56313U 98067VE  23187.48519865  .00056602  00000+0  70103-3 0  9997
2 56313  51.6338 230.2128 0002346  99.9940 260.1318 15.59509140 11393
LIGHTCUBE               
1 56314U 98067VF  23188.17444337  .00071861  00000+0  84976-3 0  9993
2 56314  51.6348 226.5657 0004294  79.4931 280.6545 15.60616392 11532
NEUDOSE                 
1 56315U 98067VG  23188.18214270  .00042288  00000+0  57326-3 0  9996
2 56315  51.6353 227.3673 0004523 120.0284 240.1157 15.57225852 11471
YUKONSAT                
1 56316U 98067VH  23187.57919081  .00048331  00000+0  62596-3 0  9991
2 56316  51.6350 230.0916 0004137 102.1889 257.9567 15.58387576 11400
ISS DEB                 
1 56434U 98067VJ  23187.28186138  .00033784  00000+0  48740-3 0  9990
2 56434  51.6366 232.6095 0002989 142.2695 217.8507 15.55655287  9890
TIANZHOU-6              
1 56446U 23063A   23172.32771504  .00000141  00000+0  58996-5 0  9990
2 56446  41.4746 130.7235 0004813  98.5802 261.5581 15.59339219  6520
PROGRESS-MS 23          
1 56740U 23071A   23172.50173489  .00015733  00000+0  28063-3 0  9997
2 56740  51.6410 307.1433 0004553  65.1884 294.9578 15.50243745  4331
AXIOM-2 DEB             
1 56751U 23070B   23188.07370531  .00209512  25489-4  92703-3 0  9999
2 56751  51.4269 222.3697 0049953 307.5228  52.1237 15.82053294  5847
SHENZHOU-16 (SZ-16)     
1 56761U 23077A   23172.32771504  .00000141  00000+0  58996-5 0  9995
2 56761  41.4746 130.7235 0004813  98.5802 261.5581 15.59339219  3471
1998-067VP              
1 57212U 98067VP  23187.08350128  .00018720  00000+0  32650-3 0  9991
2 57212  51.6399 234.8461 0004704 108.5242 337.6920 15.50741813  1654
